00000000000000000000000009999999999999999999999999
00000000000000000000000009999999999999999999999999
00000000000000000000000009999999999999999999999999
00000000000000000000000009999999999999999999999999
00000000000000000000000009999999999999999999999999
00000000000000000000000009999999999999999999999999
00000000000000000000000009999999999999999999999999
00000000000000000000000009999999999999999999999999
00000000000000000000000009999999999999999999999999
00000000000000000000000009999999999999999999999999
00000000000000000000000009999999999999999999999999
00000000000000000000000009999999999999999999999999
00000000000000000000000009999999999999999999999999
00000000000000000000000009999999999999999999999999
00000000000000000000000009999999999999999999999999
00000000000000000000000009999999999999999999999999
00000000000000000000000009999999999999999999999999
00000000000000000000000009999999999999999999999999
00000000000000000000000009999999999999999999999999
00000000000000000000000009999999999999999999999999
00000000000000000000000009999999999999999999999999
00000000000000000000000009999999999999999999999999
00000000000000000000000009999999999999999999999999
00000000000000000000000009999999999999999999999999
00000000000000000000000009999999999999999999999999
00000000000000000000000009999999999999999999999999
00000000000000000000000009999999999999999999999999
00000000000000000000000009999999999999999999999999
00000000000000000000000009999999999999999999999999
00000000000000000000000009999999999999999999999999
00000000000000000000000009999999999999999999999999
00000000000000000000000009999999999999999999999999
00000000000000000000000009999999999999999999999999
00000000000000000000000009999999999999999999999999
00000000000000000000000009999999999999999999999999
00000000000000000000000009999999999999999999999999
00000000000000000000000009999999999999999999999999
00000000000000000000000009999999999999999999999999
00000000000000000000000009999999999999999999999999
00000000000000000000000009999999999999999999999999
00000000000000000000000009999999999999999999999999
00000000000000000000000009999999999999999999999999
00000000000000000000000009999999999999999999999999
00000000000000000000000009999999999999999999999999
00000000000000000000000009999999999999999999999999
00000000000000000000000009999999999999999999999999
00000000000000000000000009999999999999999999999999
00000000000000000000000009999999999999999999999999
00000000000000000000000009999999999999999999999999
00000000000000000000000009999999999999999999999999
